255 255 255 255 255 255 255 255 255 255 255 255 255 255 255 255
255 255 255 255 255 255 255 255 255 255 255 255 255 255 255 255
255 255 182 175 175 191 188 195 200 192 187 170 174 165 255 255
255 255 164 175 192 216 232 238 238 230 210 189 183 169 255 255
255 255 183 195 221 240 248 253 243 249 242 217 194 184 255 255
255 255 186 213 241 241  24  56  35  24 247 244 211 183 255 255
255 255 202 226 243  14  43  80  66  30  25 247 233 190 255 255
255 255 199 235 251  15 130   0   0 102  24 251 240 197 255 255
255 255 208 209 253  11  89   0   0 127  12 252 222 192 255 255
255 255 189 235 252   8  72  81  89  27  12 245 233 188 255 255
255 255 181 228 253 255  12  14  22  20 253 232 217 186 255 255
255 255 178 195 229 251 253 253 251 237 234 219 193 194 255 255
255 255 174 173 198 214 229 237 237 230 191 194 177 173 255 255
255 255 173 162 174 189 189 199 198 192 180 177 169 172 255 255
255 255 255 255 255 255 255 255 255 255 255 255 255 255 255 255
255 255 255 255 255 255 255 255 255 255 255 255 255 255 255 255
255 255 255 255 255 255 255 255 255 255 255 255 255 255 255 255
255 255 255 255 255 255 255 255 255 255 255 255 255 255 255 255
255 255 183 176 175 190 188 195 201 192 188 171 174 165 255 255
255 255 164 175 193 215 232 238 238 230 210 188 183 170 255 255
255 255 183 194 221 240 248 252 244 249 242 217 195 183 255 255
255 255 186 213 241 241  46  97  73  51 247 245 210 183 255 255
255 255 201 225 243  34  95 134 121  75  48 247 233 190 255 255
255 255 200 235 251  48 179   0   0 154  62 251 241 196 255 255
255 255 207 210 252  35 140   0   0 174  46 252 222 192 255 255
255 255 189 235 252  23 119 140 141  74  37 245 233 188 255 255
255 255 181 228 252 255  30  44  57  42 252 232 217 187 255 255
255 255 178 196 230 251 252 252 252 238 233 219 193 194 255 255
255 255 174 175 198 213 229 236 238 230 191 195 178 173 255 255
255 255 173 162 174 188 188 199 197 192 180 176 168 172 255 255
255 255 255 255 255 255 255 255 255 255 255 255 255 255 255 255
255 255 255 255 255 255 255 255 255 255 255 255 255 255 255 255
255 255 255 255 255 255 255 255 255 255 255 255 255 255 255 255
255 255 255 255 255 255 255 255 255 255 255 255 255 255 255 255
255 255 254 254 254 254 254 254 254 254 254 254 253 254 255 255
255 255 253 254 254 253 254 254 254 254 254 253 253 254 255 255
255 255 253 254 254 254 254 254 254 255 254 253 254 254 255 255
255 255 253 254 254 254  64 134  86  66 254 254 254 254 255 255
255 255 254 254 254  43 120 167 145  89  59 253 253 254 255 255
255 255 254 254 254  59 233   0   0 199  68 254 254 254 255 255
255 255 254 253 254  40 182   0   0 231  50 255 253 254 255 255
255 255 254 254 254  25 157 174 177  93  39 254 253 253 255 255
255 255 255 254 254 255  35  52  61  55 254 253 254 254 255 255
255 255 254 254 254 255 254 254 253 253 253 254 254 254 255 255
255 255 253 254 254 254 254 255 254 254 254 254 254 253 255 255
255 255 253 254 254 254 254 254 254 254 254 254 254 254 255 255
255 255 255 255 255 255 255 255 255 255 255 255 255 255 255 255
255 255 255 255 255 255 255 255 255 255 255 255 255 255 255 255

255 251 248 248 248 248 248 248 248 248 248 248 248 248 251 255
251 188 133 133 133 134 134 134 134 134 134 133 133 133 188 251
248 133  91 123 130 137 145 149 148 145 137 129 123  91 133 248
248 133 123 179 195 213 226 230 230 227 213 196 179 123 133 248
248 133 130 196 219 224 193 162 161 192 224 220 195 129 133 248
248 134 137 212 223 157  71  52  51  70 155 223 211 137 134 248
248 134 145 223 193  76  44  54  54  38  68 189 223 144 134 248
248 134 148 228 164  60  49  23  24  47  53 160 228 148 134 248
248 134 148 228 163  59  55  28  26  61  61 162 229 148 134 248
248 134 145 225 192  77  57  60  53  51  75 195 227 144 134 248
248 134 137 212 221 155  73  52  49  70 160 229 216 137 133 248
248 133 130 196 218 222 191 160 160 195 232 228 198 129 133 248
248 133 123 179 196 212 224 227 228 229 221 201 181 123 133 248
248 133  91 123 130 137 144 149 150 146 139 130 123  90 133 248
251 188 133 133 133 134 134 134 134 134 134 133 133 133 188 251
255 251 248 248 248 248 248 248 248 248 248 248 248 248 251 255
255 251 248 248 248 248 248 248 248 248 248 248 248 248 251 255
251 188 133 133 133 134 134 134 134 134 134 133 133 133 188 251
248 133  91 123 130 137 145 149 148 145 137 129 123  91 133 248
248 133 123 179 195 213 226 230 230 227 214 196 178 123 133 248
248 133 130 196 220 225 197 169 168 197 225 220 195 129 133 248
248 134 137 212 224 166  94  83  80  93 164 224 211 137 134 248
248 134 145 224 198 100  87  95  96  81  91 193 223 144 134 248
248 134 148 229 172  93  92  44  45  90  86 168 228 148 134 248
248 134 148 229 172  91  97  47  46 103  92 170 229 148 134 248
248 134 145 225 196 101  99 102  94  92  98 199 227 144 134 248
248 134 137 212 222 164  96  82  77  90 168 230 216 137 133 248
248 133 130 196 219 223 195 167 167 199 233 228 198 129 133 248
248 133 123 179 196 212 224 227 228 230 221 201 181 123 133 248
248 133  91 123 130 137 144 149 150 146 139 130 123  91 133 248
251 188 133 133 133 134 134 134 134 134 134 133 133 133 188 251
255 251 248 248 248 248 248 248 248 248 248 248 248 248 251 255
255 251 248 248 248 248 248 248 248 248 248 248 248 248 251 255
251 188 136 137 137 137 137 137 137 137 137 137 137 136 188 251
248 136 130 178 179 179 179 179 179 179 179 179 178 130 136 248
248 137 178 251 252 252 251 249 250 251 252 252 251 178 137 248
248 137 179 252 253 241 206 176 174 205 241 252 252 179 137 248
248 137 179 252 241 174 104  99  96 103 171 241 252 179 137 248
248 137 179 251 208 114 107 120 122  99 100 205 251 179 137 248
248 137 179 250 182 113 114  54  54 109 101 178 249 179 137 248
248 137 179 250 182 111 122  59  56 127 110 178 250 179 137 248
248 137 179 251 208 115 127 130 120 117 109 206 251 179 137 248
248 137 179 252 241 175 108  98  92  98 172 241 252 179 137 248
248 137 179 252 253 241 206 175 174 204 241 252 252 179 137 248
248 137 178 251 252 252 251 250 250 251 252 252 251 178 137 248
248 136 130 178 179 179 179 179 179 179 179 179 178 130 136 248
251 188 136 137 137 137 137 137 137 137 137 137 137 136 188 251
255 251 248 248 248 248 248 248 248 248 248 248 248 248 251 255

255 251 248 248 248 248 248 248 248 248 248 248 248 248 251 255
251 188 133 133 133 134 134 134 134 134 133 133 133 133 188 251
248 133  91 123 129 137 144 148 148 144 137 129 123  90 133 248
248 133 123 179 195 211 223 228 229 227 216 198 181 123 133 248
248 133 129 196 220 223 189 160 162 195 229 228 201 130 133 248
248 134 137 213 224 155  68  53  61  75 160 232 221 139 134 248
248 134 145 227 192  70  38  47  61  51  70 195 229 146 134 248
248 134 148 230 161  51  54  24  26  53  49 160 228 150 134 248
248 134 149 230 162  52  54  23  28  60  52 160 227 149 134 248
248 134 145 226 193  71  44  49  55  57  73 191 224 144 134 248
248 134 137 213 224 157  76  60  59  77 155 222 212 137 134 248
248 133 130 195 219 223 193 164 163 192 221 218 196 130 133 248
248 133 123 179 196 212 223 228 228 225 212 196 179 123 133 248
248 133  91 123 130 137 145 148 148 145 137 130 123  91 133 248
251 188 133 133 133 134 134 134 134 134 134 133 133 133 188 251
255 251 248 248 248 248 248 248 248 248 248 248 248 248 251 255
255 251 248 248 248 248 248 248 248 248 248 248 248 248 251 255
251 188 133 133 133 134 134 134 134 134 133 133 133 133 188 251
248 133  91 123 129 137 144 148 148 144 137 129 123  91 133 248
248 133 123 178 195 211 223 228 229 227 216 198 181 123 133 248
248 133 129 196 220 224 193 168 170 199 230 228 201 130 133 248
248 134 137 214 225 164  91  86  92  98 168 233 221 139 134 248
248 134 145 227 197  93  81  90 103  92  90 199 230 146 134 248
248 134 148 230 168  80  96  45  46  94  77 167 228 150 134 248
248 134 149 230 169  83  95  44  47 102  82 167 227 149 134 248
248 134 145 226 197  94  87  92  97  99  96 195 224 144 134 248
248 134 137 213 225 166 100  93  91 101 164 223 212 137 134 248
248 133 130 195 220 224 198 172 172 196 222 219 196 130 133 248
248 133 123 179 196 212 224 229 229 225 212 196 179 123 133 248
248 133  91 123 130 137 145 148 148 145 137 130 123  91 133 248
251 188 133 133 133 134 134 134 134 134 134 133 133 133 188 251
255 251 248 248 248 248 248 248 248 248 248 248 248 248 251 255
255 251 248 248 248 248 248 248 248 248 248 248 248 248 251 255
251 188 136 137 137 137 137 137 137 137 137 137 137 136 188 251
248 136 130 178 179 179 179 179 179 179 179 179 178 130 136 248
248 137 178 251 252 252 251 249 250 251 252 252 251 178 137 248
248 137 179 252 252 241 205 178 178 206 241 252 252 179 137 248
248 137 179 252 241 171 100 101 110 109 172 241 252 179 137 248
248 137 179 251 205 103  99 109 127 117  98 204 251 179 137 248
248 137 179 250 174  96 122  54  56 120  92 174 250 179 137 248
248 137 179 249 176  99 120  54  59 130  98 175 250 179 137 248
248 137 179 251 206 104 107 114 122 127 108 206 251 179 137 248
248 137 179 252 241 174 114 113 111 115 175 241 252 179 137 248
248 137 179 252 253 241 208 182 182 208 241 253 252 179 137 248
248 137 178 251 252 252 251 250 250 251 252 252 251 178 137 248
248 136 130 178 179 179 179 179 179 179 179 179 178 130 136 248
251 188 136 137 137 137 137 137 137 137 137 137 137 136 188 251
255 251 248 248 248 248 248 248 248 248 248 248 248 248 251 255

255 251 248 248 248 248 248 248 248 248 248 248 248 248 251 255
251 188 133 133 133 134 134 134 134 134 134 133 133 133 188 251
248 133  90 123 130 139 146 150 149 144 137 130 123  91 133 248
248 133 123 181 201 221 229 228 227 224 212 196 179 123 133 248
248 133 129 198 228 232 195 160 160 191 222 218 196 130 133 248
248 133 137 216 229 160  70  49  52  73 155 221 212 137 134 248
248 134 144 227 195  75  51  53  60  57  77 192 225 145 134 248
248 134 148 229 162  61  61  26  28  55  59 163 228 148 134 248
248 134 148 228 160  53  47  24  23  49  60 164 228 148 134 248
248 134 144 223 189  68  38  54  54  44  76 193 223 145 134 248
248 134 137 211 223 155  70  51  52  71 157 223 212 137 134 248
248 133 129 195 220 224 192 161 162 193 224 219 196 130 133 248
248 133 123 179 196 213 227 230 230 226 213 195 179 123 133 248
248 133  91 123 129 137 145 148 149 145 137 130 123  91 133 248
251 188 133 133 133 134 134 134 134 134 134 133 133 133 188 251
255 251 248 248 248 248 248 248 248 248 248 248 248 248 251 255
255 251 248 248 248 248 248 248 248 248 248 248 248 248 251 255
251 188 133 133 133 134 134 134 134 134 134 133 133 133 188 251
248 133  91 123 130 139 146 150 149 144 137 130 123  91 133 248
248 133 123 181 201 221 230 228 227 224 212 196 179 123 133 248
248 133 129 198 228 233 199 167 167 195 223 219 196 130 133 248
248 133 137 216 230 168  90  77  82  96 164 222 212 137 134 248
248 134 144 227 199  98  92  94 102  99 101 196 225 145 134 248
248 134 148 229 170  92 103  46  47  97  91 172 229 148 134 248
248 134 148 228 168  86  90  45  44  92  93 172 229 148 134 248
248 134 144 223 193  91  81  96  95  87 100 198 224 145 134 248
248 134 137 211 224 164  93  80  83  94 166 224 212 137 134 248
248 133 129 195 220 225 197 168 169 197 225 220 196 130 133 248
248 133 123 178 196 214 227 230 230 226 213 195 179 123 133 248
248 133  91 123 129 137 145 148 149 145 137 130 123  91 133 248
251 188 133 133 133 134 134 134 134 134 134 133 133 133 188 251
255 251 248 248 248 248 248 248 248 248 248 248 248 248 251 255
255 251 248 248 248 248 248 248 248 248 248 248 248 248 251 255
251 188 136 137 137 137 137 137 137 137 137 137 137 136 188 251
248 136 130 178 179 179 179 179 179 179 179 179 178 130 136 248
248 137 178 251 252 252 251 250 250 251 252 252 251 178 137 248
248 137 179 252 252 241 204 174 175 206 241 253 252 179 137 248
248 137 179 252 241 172  98  92  98 108 175 241 252 179 137 248
248 137 179 251 206 109 117 120 130 127 115 208 251 179 137 248
248 137 179 250 178 110 127  56  59 122 111 182 250 179 137 248
248 137 179 249 178 101 109  54  54 114 113 182 250 179 137 248
248 137 179 251 205 100  99 122 120 107 114 208 251 179 137 248
248 137 179 252 241 171 103  96  99 104 174 241 252 179 137 248
248 137 179 252 252 241 205 174 176 206 241 253 252 179 137 248
248 137 178 251 252 252 251 250 249 251 252 252 251 178 137 248
248 136 130 178 179 179 179 179 179 179 179 179 178 130 136 248
251 188 136 137 137 137 137 137 137 137 137 137 137 136 188 251
255 251 248 248 248 248 248 248 248 248 248 248 248 248 251 255
